1695
1831
889
500
1847
662
688
896
919
1469
1359
500
938
1038
500
500
1019
500
1489
1152
500
500
712
1116
1730
1363
1548
995
1188
500
500
1651
1618
1440
1314
667
854
1627
500
728
1007
500
1836
500
500
1671
1477
953
500
500
622
1780
937
1220
500
1281
500
1884
1449
2233
500
1198
528
1231
1403
910
500
1823
809
1854
1861
500
1103
670
1335
500
500
500
1197
500
2103
1435
1910
500
820
1380
1274
500
713
500
2063
1881
1614
500
1348
977
1394
500
500
500
572
1464
2055
1744
1857
500
1061
1242
516
500
927
1594
1250
1253
1677
1524
1704
1032
500
787
794
545
1501
1940
500
1657
959
572
1664
500
1814
572
1696
500
1221
2130
500
1970
1839
816
524
1781
500
500
500
1176
500
500
1590
844
1320
1803
1159
1166
2114
1070
500
1630
1013
1695
768
1644
1702
1079
500
1138
1409
1467
1031
1761
602
1353
1514
1171
1691
1096
605
500
500
860
500
500
753
500
767
1709
1317
1070
500
574
1938
1692
2000
1912
740
1371
500
1129
1047
500
500
500
1645
959
1967
1692
1149
1255
500
1272
759
1462
500
1867
500
1708
1154
500
906
1151
1018
1067
1411
500
500
580
2004
1779
1599
500
1436
1313
966
1796
1857
1935
500
1724
500
957
1576
1145
578
604
2027
1125
500
1991
500
958
1623
958
825
1911
1993
1061
862
500
1622
500
1357
500
2185
1213
500
500
1559
500
1818
1615
500
826
1967
817
1731
885
1352
1705
1567
745
500
999
2047
884
500
500
989
1266
500
738
537
1163
1986
1627
1294
1511
711
500
944
2020
500
500
1416
974
500
742
1483
1127
1369
1360
1609
1046
500
548
1426
983
1120
1615
1737
1024
1047
500
596
1020
1756
1835
539
617
1429
500
1332
500
1317
1583
1964
1191
1759
1164
1339
872
1261
1280
500
500
2093
500
1029
1371
1327
1769
1079
500
500
500
893
1116
571
500
1153
1596
1795
1273
1136
1009
919
2167
896
1849
1187
793
1006
1299
500
1893
500
1776
624
2154
873
1034
863
500
1731
500
1641
500
586
1041
1755
579
1592
1797
1250
500
953
500
1152
1470
500
2224
500
1698
1372
1420
670
1652
1590
1523
1445
1540
1368
791
623
1843
902
1117
1214
1106
1247
741
1204
500
1615
1045
1177
985
1423
500
500
500
1342
1119
500
1694
1062
1858
984
500
574
1891
764
500
1132
701
500
2059
939
570
500
923
1623
1054
2306
1635
501
639
976
921
980
1435
1312
1380
1018
946
1870
1226
500
872
803
500
869
1262
1503
542
1976
1394
679
1104
1963
500
1712
542
1026
1501
1892
1096
1416
1356
500
1597
1377
1439
1459
747
730
987
500
1550
500
500
1048
1155
1692
1480
1568
523
500
1418
500
1089
1175
500
1788
1108
1369
500
500
2056
1681
1787
646
1015
878
1792
1454
764
1595
1836
2176
1452
779
1678
1235
555
500
821
1429
500
879
591
1651
1956
1044
744
1235
500
1211
2049
534
2065
1294
1032
1533
1788
948
500
1922
504
500
1436
604
1667
584
653
770
1700
825
2073
545
1251
500
2116
1120
500
1963
1463
1817
791
516
1976
500
500
1236
855
1731
522
500
1630
1932
1830
1820
1972
1956
1726
1941
1265
1112
684
1952
1590
898
507
686
807
513
1650
1627
777
1535
1596
549
1959
500
1898
1779
1446
1940
1060
1957
1895
821
516
834
934
1228
1294
1803
1402
691
718
1470
1406
1178
980
500
1424
500
2028
696
667
1145
1473
2001
807
500
1241
500
645
1046
524
500
1666
1706
635
500
1451
902
500
1617
779
570
561
500
1813
1019
1485
1874
1494
890
2130
1774
500
911
500
500
1440
1585
1531
1358
892
963
1561
500
652
793
500
1222
1509
1316
1698
795
1030
500
1239
1232
1240
1311
500
1161
500
1035
500
1448
739
500
500
1584
1762
500
500
1137
515
1201
1563
1679
587
1010
1980
500
1550
500
1015
635
1116
1658
998
1126
500
1942
2010
1919
1563
500
1731
1060
982
1517
1894
500
1203
598
1116
853
807
1865
1414
500
2035
2110
915
1396
500
586
500
500
500
1069
757
906
1098
500
2190
1293
1728
1301
1331
1732
500
500
1507
1430
500
500
1616
500
1585
1644
1350
1827
942
1421
862
1448
1338
500
500
500
2196
669
1174
1463
1652
742
530
1092
1143
714
1239
1926
637
561
1714
500
1350
1626
553
1262
964
918
1264
784
601
1232
1783
500
1620
1537
1944
500
1017
500
1970
788
2060
1941
1695
500
638
1187
1925
1384
955
500
500
2064
2105
1149
579
1622
2136
731
1635
1810
500
500
1890
2053
1306
500
911
1450
500
500
1234
1040
594
500
887
500
500
1494
1553
2195
500
637
1706
659
615
981
1759
976
505
898
500
546
730
558
684
1563
757
1525
500
1022
847
500
1320
500
500
1240
1790
1652
500
914
1601
1567
1098
862
1149
1188
644
1013
1832
500
1240
1978
811
665
1549
1421
688
1655
500
675
1512
580
500
994
1772
1737
2095
500
1689
500
1816
500
500
1698
1484
1772
1428
869
500
2093
2087
500
1528
1622
1619
506
774
500
532
2022
500
1129
1874
500
1474
929
949
882
1225
2124
1461
675
998
1171
1821
1952
1351
1963
1207
2237
2180
500
1564
1942
500
537
1558
1167
1859
1932
500
1733
1903
794
575
1876
500
1081
537
642
1333
500
845
1389
1644
1463
1733
500
1933
1444
1458
1651
500
1267
500
1065
1972
